           0           1           0           0     6.28319
       0.001           1  0.00628319  -0.0394784     6.28319
       0.002    0.999961   0.0125664  -0.0789545     6.28294
       0.003    0.999882   0.0188493   -0.118427     6.28244
       0.004    0.999763   0.0251317   -0.157893      6.2817
       0.005    0.999605   0.0314134   -0.197353     6.28071
       0.006    0.999408   0.0376942   -0.236804     6.27947
       0.007    0.999171   0.0439736   -0.276245     6.27798
       0.008    0.998895   0.0502516   -0.315675     6.27624
       0.009    0.998579   0.0565278   -0.355091     6.27426
        0.01    0.998224   0.0628021   -0.394492     6.27203
       0.011     0.99783   0.0690741   -0.433877     6.26955
       0.012    0.997396   0.0753437   -0.473244     6.26683
       0.013    0.996922   0.0816105   -0.512592     6.26385
       0.014     0.99641   0.0878744   -0.551918     6.26063
       0.015    0.995858    0.094135   -0.591222     6.25717
       0.016    0.995267    0.100392   -0.630502     6.25346
       0.017    0.994636    0.106646   -0.669756      6.2495
       0.018    0.993966    0.112895   -0.708983     6.24529
       0.019    0.993257     0.11914   -0.748181     6.24084
        0.02    0.992509    0.125381   -0.787349     6.23614
       0.021    0.991722    0.131617   -0.826485      6.2312
       0.022    0.990895    0.137849   -0.865588     6.22601
       0.023     0.99003    0.144075   -0.904655     6.22057
       0.024    0.989125    0.150295   -0.943687     6.21489
       0.025    0.988182     0.15651    -0.98268     6.20897
       0.026    0.987199    0.162719    -1.02163      6.2028
       0.027    0.986177    0.168922    -1.06055     6.19638
       0.028    0.985117    0.175118    -1.09942     6.18972
       0.029    0.984017    0.181308    -1.13824     6.18282
        0.03    0.982879    0.187491    -1.17702     6.17568
       0.031    0.981702    0.193666    -1.21575     6.16829
       0.032    0.980486    0.199835    -1.25444     6.16066
       0.033    0.979232    0.205995    -1.29307     6.15278
       0.034    0.977939    0.212148    -1.33165     6.14467
       0.035    0.976607    0.218293    -1.37018     6.13631
       0.036    0.975237    0.224429    -1.40865     6.12771
       0.037    0.973828    0.230557    -1.44707     6.11887
       0.038    0.972381    0.236676    -1.48543     6.10979
       0.039    0.970896    0.242785    -1.52373     6.10047
        0.04    0.969372    0.248886    -1.56197      6.0909
       0.041     0.96781    0.254977    -1.60014      6.0811
       0.042     0.96621    0.261058    -1.63826     6.07106
       0.043    0.964572    0.267129     -1.6763     6.06078
       0.044    0.962895     0.27319    -1.71428     6.05026
       0.045    0.961181     0.27924    -1.75219     6.03951
       0.046    0.959429     0.28528    -1.79003     6.02851
       0.047    0.957639    0.291308     -1.8278     6.01728
       0.048    0.955811    0.297325     -1.8655     6.00582
       0.049    0.953946    0.303331    -1.90312     5.99411
        0.05    0.952042    0.309325    -1.94067     5.98217
       0.051    0.950102    0.315307    -1.97814        5.97
       0.052    0.948124    0.321277    -2.01553     5.95759
       0.053    0.946108    0.327235    -2.05284     5.94495
       0.054    0.944055     0.33318    -2.09007     5.93207
       0.055    0.941965    0.339112    -2.12721     5.91896
       0.056    0.939838    0.345031    -2.16427     5.90562
       0.057    0.937674    0.350937    -2.20124     5.89205
       0.058    0.935472    0.356829    -2.23813     5.87824
       0.059    0.933234    0.362707    -2.27493     5.86421
        0.06    0.930959    0.368571    -2.31163     5.84994
       0.061    0.928648    0.374421    -2.34824     5.83545
       0.062      0.9263    0.380257    -2.38476     5.82072
       0.063    0.923915    0.386077    -2.42119     5.80577
       0.064    0.921494    0.391883    -2.45752     5.79059
       0.065    0.919036    0.397674    -2.49375     5.77518
       0.066    0.916542    0.403449    -2.52988     5.75955
       0.067    0.914012    0.409208    -2.56591     5.74368
       0.068    0.911447    0.414952    -2.60184      5.7276
       0.069    0.908845     0.42068    -2.63767     5.71129
        0.07    0.906207    0.426391    -2.67339     5.69476
       0.071    0.903534    0.432086      -2.709       5.678
       0.072    0.900825    0.437764    -2.74451     5.66102
       0.073     0.89808    0.443425    -2.77991     5.64382
       0.074      0.8953    0.449069    -2.81519     5.62639
       0.075    0.892485    0.454695    -2.85037     5.60875
       0.076    0.889635    0.460304    -2.88543     5.59089
       0.077    0.886749    0.465895    -2.92038     5.57281
       0.078    0.883829    0.471467    -2.95521     5.55451
       0.079    0.880874    0.477022    -2.98992     5.53599
        0.08    0.877884    0.482558    -3.02451     5.51726
       0.081    0.874859    0.488075    -3.05899     5.49831
       0.082      0.8718    0.493573    -3.09334     5.47914
       0.083    0.868707    0.499053    -3.12757     5.45976
       0.084    0.865579    0.504512    -3.16168     5.44017
       0.085    0.862418    0.509952    -3.19566     5.42036
       0.086    0.859222    0.515373    -3.22951     5.40035
       0.087    0.855992    0.520773    -3.26323     5.38012
       0.088    0.852729    0.526153    -3.29683     5.35968
       0.089    0.849432    0.531513    -3.33029     5.33903
        0.09    0.846102    0.536852    -3.36362     5.31817
       0.091    0.842738     0.54217    -3.39682     5.29711
       0.092    0.839342    0.547467    -3.42989     5.27584
       0.093    0.835912    0.552743    -3.46281     5.25436
       0.094    0.832449    0.557997     -3.4956     5.23268
       0.095    0.828953     0.56323    -3.52825     5.21079
       0.096    0.825425    0.568441    -3.56077      5.1887
       0.097    0.821864     0.57363    -3.59314     5.16641
       0.098    0.818271    0.578796    -3.62536     5.14392
       0.099    0.814646     0.58394    -3.65745     5.12122
         0.1    0.810988    0.589061    -3.68939     5.09833
       0.101    0.807299     0.59416    -3.72118     5.07524
       0.102    0.803578    0.599235    -3.75282     5.05195
       0.103    0.799825    0.604287    -3.78432     5.02846
       0.104    0.796041    0.609315    -3.81567     5.00478
       0.105    0.792225     0.61432    -3.84686      4.9809
       0.106    0.788378    0.619301     -3.8779     4.95683
       0.107      0.7845    0.624258    -3.90879     4.93256
       0.108    0.780591     0.62919    -3.93952     4.90811
       0.109    0.776652    0.634098     -3.9701     4.88346
        0.11    0.772682    0.638982    -4.00052     4.85862
       0.111    0.768681     0.64384    -4.03078      4.8336
       0.112    0.764651    0.648674    -4.06089     4.80839
       0.113     0.76059    0.653482    -4.09083     4.78299
       0.114    0.756499    0.658265    -4.12061      4.7574
       0.115    0.752378    0.663023    -4.15022     4.73163
       0.116    0.748228    0.667754    -4.17967     4.70568
       0.117    0.744048     0.67246    -4.20896     4.67954
       0.118    0.739839     0.67714    -4.23808     4.65322
       0.119    0.735601    0.681793    -4.26703     4.62672
        0.12    0.731334     0.68642    -4.29582     4.60004
       0.121    0.727038     0.69102    -4.32443     4.57319
       0.122    0.722714    0.695593    -4.35287     4.54616
       0.123    0.718361    0.700139    -4.38114     4.51895
       0.124     0.71398    0.704658    -4.40924     4.49156
       0.125    0.709571    0.709149    -4.43716     4.46401
       0.126    0.705134    0.713614    -4.46491     4.43628
       0.127    0.700669     0.71805    -4.49248     4.40837
       0.128    0.696176    0.722458    -4.51987      4.3803
       0.129    0.691656    0.726838    -4.54708     4.35206
        0.13    0.687109    0.731191    -4.57412     4.32365
       0.131    0.682535    0.735514    -4.60097     4.29508
       0.132    0.677934    0.739809    -4.62764     4.26633
       0.133    0.673307    0.744076    -4.65413     4.23743
       0.134    0.668652    0.748313    -4.68043     4.20836
       0.135    0.663972    0.752521    -4.70655     4.17913
       0.136    0.659265      0.7567    -4.73249     4.14973
       0.137    0.654533     0.76085    -4.75824     4.12018
       0.138    0.649775     0.76497    -4.78379     4.09047
       0.139    0.644991    0.769061    -4.80917      4.0606
        0.14    0.640182    0.773121    -4.83435     4.03058
       0.141    0.635347    0.777152    -4.85934      4.0004
       0.142    0.630488    0.781152    -4.88413     3.97007
       0.143    0.625604    0.785123    -4.90874     3.93958
       0.144    0.620695    0.789062    -4.93315     3.90894
       0.145    0.615762    0.792971    -4.95737     3.87816
       0.146    0.610805    0.796849    -4.98139     3.84722
       0.147    0.605823    0.800696    -5.00521     3.81614
       0.148    0.600818    0.804513    -5.02884     3.78491
       0.149    0.595789    0.808297    -5.05227     3.75354
        0.15    0.590737    0.812051     -5.0755     3.72202
       0.151    0.585661    0.815773    -5.09853     3.69036
       0.152    0.580563    0.819463    -5.12136     3.65856
       0.153    0.575442    0.823122    -5.14399     3.62662
       0.154    0.570298    0.826749    -5.16642     3.59455
       0.155    0.565131    0.830343    -5.18864     3.56233
       0.156    0.559942    0.833905    -5.21066     3.52998
       0.157    0.554732    0.837435    -5.23247      3.4975
       0.158    0.549499    0.840933    -5.25408     3.46488
       0.159    0.544245    0.844398    -5.27548     3.43213
        0.16     0.53897     0.84783    -5.29667     3.39925
       0.161    0.533673    0.851229    -5.31765     3.36624
       0.162    0.528355    0.854595    -5.33843      3.3331
       0.163    0.523017    0.857929    -5.35899     3.29984
       0.164    0.517658    0.861228    -5.37935     3.26645
       0.165    0.512279    0.864495    -5.39949     3.23294
       0.166    0.506879    0.867728    -5.41942      3.1993
       0.167     0.50146    0.870927    -5.43914     3.16555
       0.168    0.496021    0.874093    -5.45864     3.13167
       0.169    0.490562    0.877224    -5.47793     3.09768
        0.17    0.485084    0.880322    -5.49701     3.06357
       0.171    0.479587    0.883386    -5.51587     3.02935
       0.172    0.474071    0.886415    -5.53451     2.99501
       0.173    0.468537     0.88941    -5.55294     2.96056
       0.174    0.462984     0.89237    -5.57114     2.92599
       0.175    0.457413    0.895296    -5.58913     2.89132
       0.176    0.451823    0.898188     -5.6069     2.85654
       0.177    0.446217    0.901044    -5.62445     2.82165
       0.178    0.440592    0.903866    -5.64178     2.78666
       0.179     0.43495    0.906653    -5.65889     2.75156
        0.18    0.429291    0.909404    -5.67578     2.71636
       0.181    0.423616    0.912121    -5.69244     2.68106
       0.182    0.417923    0.914802    -5.70888     2.64566
       0.183    0.412214    0.917447     -5.7251     2.61016
       0.184    0.406489    0.920057    -5.74109     2.57456
       0.185    0.400748    0.922632    -5.75686     2.53887
       0.186    0.394991    0.925171    -5.77241     2.50308
       0.187    0.389219    0.927674    -5.78772     2.46721
       0.188    0.383431    0.930141    -5.80282     2.43124
       0.189    0.377628    0.932572    -5.81768     2.39518
        0.19    0.371811    0.934968    -5.83232     2.35903
       0.191    0.365978    0.937327    -5.84673     2.32279
       0.192    0.360132    0.939649    -5.86091     2.28647
       0.193    0.354271    0.941936    -5.87486     2.25007
       0.194    0.348396    0.944186    -5.88858     2.21358
       0.195    0.342507      0.9464    -5.90208     2.17702
       0.196    0.336605    0.948577    -5.91534     2.14037
       0.197     0.33069    0.950717    -5.92837     2.10365
       0.198    0.324762    0.952821    -5.94117     2.06685
       0.199     0.31882    0.954887    -5.95374     2.02997
         0.2    0.312867    0.956917    -5.96608     1.99302
       0.201    0.306901     0.95891    -5.97818       1.956
       0.202    0.300922    0.960866    -5.99005     1.91891
       0.203    0.294932    0.962785    -6.00169     1.88175
       0.204    0.288931    0.964667    -6.01309     1.84452
       0.205    0.282918    0.966512    -6.02426     1.80723
       0.206    0.276893    0.968319     -6.0352     1.76987
       0.207    0.270858    0.970089     -6.0459     1.73245
       0.208    0.264812    0.971821    -6.05637     1.69496
       0.209    0.258756    0.973516     -6.0666     1.65742
        0.21    0.252689    0.975173    -6.07659     1.61982
       0.211    0.246613    0.976793    -6.08635     1.58216
       0.212    0.240526    0.978375    -6.09587     1.54445
       0.213     0.23443     0.97992    -6.10516     1.50668
       0.214    0.228325    0.981427     -6.1142     1.46886
       0.215    0.222211    0.982895    -6.12301     1.43099
       0.216    0.216088    0.984326    -6.13159     1.39307
       0.217    0.209956     0.98572    -6.13992      1.3551
       0.218    0.203816    0.987075    -6.14802     1.31708
       0.219    0.197668    0.988392    -6.15588     1.27903
        0.22    0.191513    0.989671     -6.1635     1.24092
       0.221    0.185349    0.990912    -6.17088     1.20278
       0.222    0.179178    0.992114    -6.17802     1.16459
       0.223       0.173    0.993279    -6.18492     1.12637
       0.224    0.166815    0.994405    -6.19159     1.08811
       0.225    0.160624    0.995494    -6.19801     1.04981
       0.226    0.154426    0.996543     -6.2042     1.01148
       0.227    0.148221    0.997555    -6.21014    0.973122
       0.228    0.142011    0.998528    -6.21585    0.934728
       0.229    0.135795    0.999463    -6.22131    0.896305
        0.23    0.129574     1.00036    -6.22654    0.857853
       0.231    0.123348     1.00122    -6.23152    0.819376
       0.232    0.117116     1.00204    -6.23626    0.780873
       0.233     0.11088     1.00282    -6.24077    0.742347
       0.234    0.104639     1.00356    -6.24503    0.703799
       0.235   0.0983941     1.00426    -6.24905    0.665231
       0.236    0.092145     1.00493    -6.25283    0.626644
       0.237   0.0858922     1.00556    -6.25637     0.58804
       0.238   0.0796358     1.00614    -6.25967     0.54942
       0.239   0.0733762     1.00669    -6.26273    0.510786
        0.24   0.0671134      1.0072    -6.26554    0.472139
       0.241   0.0608479     1.00768    -6.26812    0.433481
       0.242   0.0545798     1.00811    -6.27045    0.394813
       0.243   0.0483093      1.0085    -6.27255    0.356137
       0.244   0.0420368     1.00886     -6.2744    0.317455
       0.245   0.0357624     1.00918    -6.27601    0.278768
       0.246   0.0294863     1.00946    -6.27738    0.240077
       0.247    0.023209      1.0097    -6.27851    0.201384
       0.248   0.0169304      1.0099     -6.2794    0.162691
       0.249    0.010651     1.01006    -6.28005    0.123999
        0.25  0.00437099     1.01018    -6.28046   0.0853097
       0.251 -0.00190947     1.01027    -6.28063   0.0466244
       0.252 -0.00819009     1.01032    -6.28055  0.00794473
       0.253  -0.0144706     1.01032    -6.28024  -0.0307278
       0.254  -0.0207509     1.01029    -6.27969  -0.0693916
       0.255  -0.0270306     1.01022    -6.27889   -0.108045
       0.256  -0.0333095     1.01012    -6.27786   -0.146687
       0.257  -0.0395873     1.00997    -6.27659   -0.185316
       0.258  -0.0458639     1.00978    -6.27507    -0.22393
       0.259   -0.052139     1.00956    -6.27332   -0.262527
        0.26  -0.0584123      1.0093    -6.27133   -0.301107
       0.261  -0.0646836       1.009    -6.26909   -0.339667
       0.262  -0.0709527     1.00866    -6.26662   -0.378207
       0.263  -0.0772194     1.00828    -6.26391   -0.416725
       0.264  -0.0834833     1.00786    -6.26097   -0.455218
       0.265  -0.0897442     1.00741    -6.25778   -0.493687
       0.266   -0.096002     1.00691    -6.25436   -0.532128
       0.267   -0.102256     1.00638    -6.25069   -0.570541
       0.268   -0.108507     1.00581    -6.24679   -0.608925
       0.269   -0.114754      1.0052    -6.24266   -0.647277
        0.27   -0.120997     1.00455    -6.23828   -0.685596
       0.271   -0.127235     1.00387    -6.23367   -0.723882
       0.272   -0.133468     1.00314    -6.22882   -0.762131
       0.273   -0.139697     1.00238    -6.22374   -0.800343
       0.274   -0.145921     1.00158    -6.21842   -0.838517
       0.275   -0.152139     1.00074    -6.21286    -0.87665
       0.276   -0.158352    0.999867    -6.20707   -0.914741
       0.277   -0.164559    0.998952    -6.20105    -0.95279
       0.278    -0.17076    0.997999    -6.19478   -0.990794
       0.279   -0.176955    0.997009    -6.18829    -1.02875
        0.28   -0.183143     0.99598    -6.18156    -1.06666
       0.281   -0.189325    0.994913     -6.1746    -1.10452
       0.282     -0.1955    0.993809     -6.1674    -1.14233
       0.283   -0.201667    0.992666    -6.15998    -1.18009
       0.284   -0.207827    0.991486    -6.15232     -1.2178
       0.285   -0.213979    0.990268    -6.14442    -1.25545
       0.286   -0.220124    0.989013     -6.1363    -1.29304
       0.287    -0.22626     0.98772    -6.12795    -1.33058
       0.288   -0.232388    0.986389    -6.11936    -1.36806
       0.289   -0.238507    0.985021    -6.11055    -1.40548
        0.29   -0.244618    0.983616     -6.1015    -1.44283
       0.291   -0.250719    0.982173    -6.09223    -1.48012
       0.292   -0.256812    0.980693    -6.08272    -1.51735
       0.293   -0.262894    0.979176    -6.07299    -1.55451
       0.294   -0.268967    0.977621    -6.06303     -1.5916
       0.295    -0.27503    0.976029    -6.05285    -1.62863
       0.296   -0.281083    0.974401    -6.04243    -1.66558
       0.297   -0.287126    0.972735    -6.03179    -1.70246
       0.298   -0.293157    0.971033    -6.02093    -1.73927
       0.299   -0.299178    0.969293    -6.00984    -1.77601
         0.3   -0.305188    0.967517    -5.99853    -1.81267
       0.301   -0.311187    0.965705    -5.98699    -1.84925
       0.302   -0.317174    0.963856    -5.97522    -1.88575
       0.303   -0.323149     0.96197    -5.96324    -1.92217
       0.304   -0.329112    0.960048    -5.95103    -1.95851
       0.305   -0.335063    0.958089     -5.9386    -1.99477
       0.306   -0.341002    0.956094    -5.92595    -2.03094
       0.307   -0.346928    0.954063    -5.91308    -2.06703
       0.308   -0.352841    0.951996    -5.89999    -2.10303
       0.309   -0.358741    0.949893    -5.88668    -2.13894
        0.31   -0.364628    0.947754    -5.87315    -2.17476
       0.311   -0.370501     0.94558     -5.8594    -2.21049
       0.312    -0.37636    0.943369    -5.84544    -2.24613
       0.313   -0.382206    0.941123    -5.83126    -2.28168
       0.314   -0.388037    0.938841    -5.81686    -2.31713
       0.315   -0.393854    0.936524    -5.80225    -2.35248
       0.316   -0.399656    0.934172    -5.78742    -2.38774
       0.317   -0.405443    0.931784    -5.77238    -2.42289
       0.318   -0.411216    0.929361    -5.75713    -2.45795
       0.319   -0.416973    0.926903    -5.74166     -2.4929
        0.32   -0.422715     0.92441    -5.72598    -2.52776
       0.321   -0.428441    0.921883    -5.71009    -2.56251
       0.322   -0.434151     0.91932    -5.69399    -2.59715
       0.323   -0.439845    0.916723    -5.67768    -2.63168
       0.324   -0.445522    0.914091    -5.66116    -2.66611
       0.325   -0.451183    0.911425    -5.64444    -2.70043
       0.326   -0.456828    0.908725     -5.6275    -2.73464
       0.327   -0.462455     0.90599    -5.61036    -2.76874
       0.328   -0.468066    0.903221    -5.59302    -2.80272
       0.329   -0.473659    0.900419    -5.57546    -2.83659
        0.33   -0.479234    0.897582    -5.55771    -2.87034
       0.331   -0.484792    0.894712    -5.53975    -2.90398
       0.332   -0.490332    0.891808    -5.52159     -2.9375
       0.333   -0.495853     0.88887    -5.50322     -2.9709
       0.334   -0.501356    0.885899    -5.48466    -3.00418
       0.335   -0.506841    0.882895    -5.46589    -3.03734
       0.336   -0.512307    0.879858    -5.44693    -3.07038
       0.337   -0.517754    0.876787    -5.42776    -3.10329
       0.338   -0.523182    0.873684     -5.4084    -3.13607
       0.339    -0.52859    0.870548    -5.38885    -3.16873
        0.34   -0.533979    0.867379    -5.36909    -3.20127
       0.341   -0.539348    0.864178    -5.34914    -3.23367
       0.342   -0.544697    0.860944      -5.329    -3.26595
       0.343   -0.550026    0.857678    -5.30866    -3.29809
       0.344   -0.555335     0.85438    -5.28814     -3.3301
       0.345   -0.560623     0.85105    -5.26742    -3.36198
       0.346    -0.56589    0.847688     -5.2465    -3.39372
       0.347   -0.571137    0.844294     -5.2254    -3.42533
       0.348   -0.576362    0.840869    -5.20412     -3.4568
       0.349   -0.581566    0.837412    -5.18264    -3.48813
        0.35   -0.586749    0.833924    -5.16097    -3.51933
       0.351    -0.59191    0.830405    -5.13912    -3.55038
       0.352   -0.597049    0.826854    -5.11709    -3.58129
       0.353   -0.602166    0.823273    -5.09487    -3.61207
       0.354   -0.607261    0.819661    -5.07247    -3.64269
       0.355   -0.612334    0.816018    -5.04988    -3.67318
       0.356   -0.617384    0.812345    -5.02712    -3.70351
       0.357   -0.622411    0.808642    -5.00417    -3.73371
       0.358   -0.627415    0.804908    -4.98105    -3.76375
       0.359   -0.632396    0.801144    -4.95775    -3.79364
        0.36   -0.637354    0.797351    -4.93427    -3.82339
       0.361   -0.642288    0.793527    -4.91061    -3.85298
       0.362   -0.647198    0.789674    -4.88678    -3.88243
       0.363   -0.652085    0.785792    -4.86277    -3.91172
       0.364   -0.656948     0.78188    -4.83859    -3.94085
       0.365   -0.661787    0.777939    -4.81424    -3.96984
       0.366   -0.666601    0.773969    -4.78972    -3.99866
       0.367   -0.671391    0.769971    -4.76503    -4.02733
       0.368   -0.676156    0.765943    -4.74017    -4.05584
       0.369   -0.680896    0.761888    -4.71514     -4.0842
        0.37   -0.685611    0.757803    -4.68994    -4.11239
       0.371   -0.690301    0.753691    -4.66458    -4.14042
       0.372   -0.694965    0.749551    -4.63905    -4.16829
       0.373   -0.699604    0.745382    -4.61336      -4.196
       0.374   -0.704218    0.741186    -4.58751    -4.22355
       0.375   -0.708805    0.736963     -4.5615    -4.25093
       0.376   -0.713367    0.732712    -4.53532    -4.27814
       0.377   -0.717902    0.728434    -4.50899    -4.30519
       0.378   -0.722411    0.724128    -4.48249    -4.33207
       0.379   -0.726894    0.719796    -4.45584    -4.35878
        0.38    -0.73135    0.715438    -4.42904    -4.38533
       0.381   -0.735779    0.711052    -4.40208     -4.4117
       0.382   -0.740181    0.706641    -4.37496    -4.43791
       0.383   -0.744556    0.702203    -4.34769    -4.46394
       0.384   -0.748903    0.697739    -4.32027     -4.4898
       0.385   -0.753224    0.693249     -4.2927    -4.51548
       0.386   -0.757516    0.688733    -4.26499      -4.541
       0.387   -0.761781    0.684192    -4.23712    -4.56633
       0.388   -0.766018    0.679626     -4.2091    -4.59149
       0.389   -0.770227    0.675035    -4.18094    -4.61648
        0.39   -0.774408    0.670418    -4.15264    -4.64129
       0.391   -0.778561    0.665777    -4.12419    -4.66591
       0.392   -0.782685    0.661111     -4.0956    -4.69036
       0.393   -0.786781    0.656421    -4.06687    -4.71463
       0.394   -0.790848    0.651706    -4.03799    -4.73872
       0.395   -0.794886    0.646967    -4.00898    -4.76263
       0.396   -0.798895    0.642205    -3.97983    -4.78635
       0.397   -0.802875    0.637418    -3.95055     -4.8099
       0.398   -0.806825    0.632608    -3.92113    -4.83325
       0.399   -0.810746    0.627775    -3.89157    -4.85643
         0.4   -0.814638    0.622919    -3.86188    -4.87941
       0.401     -0.8185    0.618039    -3.83206    -4.90222
       0.402   -0.822332    0.613137    -3.80211    -4.92483
       0.403   -0.826134    0.608212    -3.77203    -4.94726
       0.404   -0.829906    0.603265    -3.74182     -4.9695
       0.405   -0.833648    0.598295    -3.71149    -4.99155
       0.406   -0.837359    0.593304    -3.68103    -5.01341
       0.407    -0.84104    0.588291    -3.65044    -5.03508
       0.408   -0.844691    0.583255    -3.61973    -5.05656
       0.409    -0.84831    0.578199     -3.5889    -5.07785
        0.41   -0.851899    0.573121    -3.55795    -5.09895
       0.411   -0.855457    0.568022    -3.52688    -5.11985
       0.412   -0.858984    0.562902    -3.49569    -5.14056
       0.413    -0.86248    0.557762    -3.46438    -5.16108
       0.414   -0.865944    0.552601    -3.43296     -5.1814
       0.415   -0.869377    0.547419    -3.40142    -5.20153
       0.416   -0.872779    0.542218    -3.36977    -5.22146
       0.417   -0.876148    0.536996    -3.33801    -5.24119
       0.418   -0.879486    0.531755    -3.30613    -5.26073
       0.419   -0.882792    0.526494    -3.27415    -5.28006
        0.42   -0.886067    0.521214    -3.24205     -5.2992
       0.421   -0.889309    0.515915    -3.20986    -5.31814
       0.422   -0.892519    0.510597    -3.17755    -5.33689
       0.423   -0.895696     0.50526    -3.14514    -5.35543
       0.424   -0.898841    0.499905    -3.11263    -5.37377
       0.425   -0.901954    0.494531    -3.08001    -5.39191
       0.426   -0.905034    0.489139    -3.04729    -5.40985
       0.427   -0.908081    0.483729    -3.01448    -5.42758
       0.428   -0.911096    0.478301    -2.98156    -5.44511
       0.429   -0.914077    0.472856    -2.94855    -5.46244
        0.43   -0.917026    0.467394    -2.91545    -5.47957
       0.431   -0.919941    0.461914    -2.88224    -5.49649
       0.432   -0.922823    0.456418    -2.84895    -5.51321
       0.433   -0.925672    0.450905    -2.81556    -5.52972
       0.434   -0.928488    0.445375    -2.78209    -5.54603
       0.435    -0.93127    0.439829    -2.74852    -5.56213
       0.436   -0.934019    0.434267    -2.71487    -5.57803
       0.437   -0.936733    0.428689    -2.68113    -5.59371
       0.438   -0.939415    0.423095     -2.6473    -5.60919
       0.439   -0.942062    0.417486    -2.61339    -5.62447
        0.44   -0.944675    0.411861     -2.5794    -5.63953
       0.441   -0.947255    0.406222    -2.54532    -5.65439
       0.442     -0.9498    0.400567    -2.51117    -5.66903
       0.443   -0.952311    0.394898    -2.47693    -5.68347
       0.444   -0.954788    0.389215    -2.44262     -5.6977
       0.445   -0.957231    0.383517    -2.40823    -5.71172
       0.446   -0.959639    0.377805    -2.37377    -5.72552
       0.447   -0.962013     0.37208    -2.33924    -5.73912
       0.448   -0.964352    0.366341    -2.30463    -5.75251
       0.449   -0.966657    0.360588    -2.26995    -5.76568
        0.45   -0.968926    0.354823     -2.2352    -5.77864
       0.451   -0.971162    0.349044    -2.20038    -5.79139
       0.452   -0.973362    0.343253     -2.1655    -5.80393
       0.453   -0.975528    0.337449    -2.13055    -5.81626
       0.454   -0.977658    0.331632    -2.09553    -5.82837
       0.455   -0.979754    0.325804    -2.06045    -5.84027
       0.456   -0.981814    0.319964    -2.02531    -5.85195
       0.457   -0.983839    0.314112    -1.99011    -5.86342
       0.458   -0.985829    0.308248    -1.95485    -5.87468
       0.459   -0.987784    0.302374    -1.91954    -5.88572
        0.46   -0.989704    0.296488    -1.88416    -5.89655
       0.461   -0.991588    0.290591    -1.84873    -5.90717
       0.462   -0.993437    0.284684    -1.81325    -5.91756
       0.463    -0.99525    0.278767    -1.77771    -5.92775
       0.464   -0.997028    0.272839    -1.74213    -5.93772
       0.465    -0.99877    0.266901    -1.70649    -5.94747
       0.466    -1.00048    0.260954     -1.6708      -5.957
       0.467    -1.00215    0.254997    -1.63507    -5.96632
       0.468    -1.00378     0.24903    -1.59929    -5.97543
       0.469    -1.00538    0.243055    -1.56347    -5.98432
        0.47    -1.00694    0.237071     -1.5276    -5.99299
       0.471    -1.00847    0.231078    -1.49169    -6.00144
       0.472    -1.00996    0.225076    -1.45574    -6.00968
       0.473    -1.01142    0.219067    -1.41975     -6.0177
       0.474    -1.01284    0.213049    -1.38373     -6.0255
       0.475    -1.01422    0.207023    -1.34766    -6.03309
       0.476    -1.01557     0.20099    -1.31156    -6.04046
       0.477    -1.01688     0.19495    -1.27543    -6.04761
       0.478    -1.01816    0.188902    -1.23926    -6.05454
       0.479     -1.0194    0.182848    -1.20306    -6.06126
        0.48     -1.0206    0.176786    -1.16684    -6.06776
       0.481    -1.02177    0.170719    -1.13058    -6.07404
       0.482     -1.0229    0.164645    -1.09429     -6.0801
       0.483    -1.02399    0.158565    -1.05798    -6.08594
       0.484    -1.02505    0.152479    -1.02165    -6.09157
       0.485    -1.02607    0.146387    -0.98529    -6.09698
       0.486    -1.02706     0.14029   -0.948909    -6.10217
       0.487    -1.02801    0.134188   -0.912506    -6.10714
       0.488    -1.02892    0.128081   -0.876085     -6.1119
       0.489    -1.02979    0.121969   -0.839644    -6.11643
        0.49    -1.03063    0.115852   -0.803187    -6.12075
       0.491    -1.03144    0.109732   -0.766714    -6.12485
       0.492     -1.0322    0.103607   -0.730227    -6.12873
       0.493    -1.03293   0.0974781   -0.693726    -6.13239
       0.494    -1.03363   0.0913457   -0.657214    -6.13584
       0.495    -1.03429   0.0852099   -0.620692    -6.13907
       0.496    -1.03491   0.0790708    -0.58416    -6.14208
       0.497    -1.03549   0.0729287    -0.54762    -6.14487
       0.498    -1.03604   0.0667839   -0.511073    -6.14744
       0.499    -1.03655   0.0606364   -0.474522     -6.1498
         0.5    -1.03702   0.0544866   -0.437966    -6.15194
       0.501    -1.03746   0.0483347   -0.401408    -6.15386
       0.502    -1.03786   0.0421808   -0.364848    -6.15556
       0.503    -1.03823   0.0360253   -0.328288    -6.15705
       0.504    -1.03856   0.0298682   -0.291729    -6.15832
       0.505    -1.03885   0.0237099   -0.255173    -6.15937
       0.506     -1.0391   0.0175505   -0.218621     -6.1602
       0.507    -1.03932   0.0113903   -0.182073    -6.16082
       0.508     -1.0395  0.00522951   -0.145532    -6.16122
       0.509    -1.03965-0.000931708   -0.108999     -6.1614
        0.51    -1.03976 -0.00709311   -0.072474    -6.16137
       0.511    -1.03983  -0.0132545  -0.0359595    -6.16112
       0.512    -1.03987  -0.0194156 0.000543475    -6.16066
       0.513    -1.03987  -0.0255763   0.0370338    -6.15998
       0.514    -1.03983  -0.0317362   0.0735101    -6.15908
       0.515    -1.03976  -0.0378953    0.109971    -6.15797
       0.516    -1.03965  -0.0440533    0.146416    -6.15664
       0.517     -1.0395  -0.0502099    0.182843    -6.15509
       0.518    -1.03932   -0.056365     0.21925    -6.15334
       0.519     -1.0391  -0.0625183    0.255638    -6.15136
        0.52    -1.03884  -0.0686697    0.292003    -6.14917
       0.521    -1.03855  -0.0748189    0.328347    -6.14677
       0.522    -1.03822  -0.0809657    0.364665    -6.14415
       0.523    -1.03786  -0.0871098    0.400959    -6.14132
       0.524    -1.03746  -0.0932511    0.437226    -6.13828
       0.525    -1.03702  -0.0993894    0.473465    -6.13502
       0.526    -1.03654   -0.105524    0.509676    -6.13155
       0.527    -1.03603   -0.111656    0.545855    -6.12787
       0.528    -1.03549   -0.117784    0.582004    -6.12397
       0.529    -1.03491   -0.123908    0.618119    -6.11987
        0.53    -1.03429   -0.130028    0.654201    -6.11555
       0.531    -1.03363   -0.136143    0.690247    -6.11101
       0.532    -1.03294   -0.142254    0.726257    -6.10627
       0.533    -1.03222   -0.148361    0.762229    -6.10132
       0.534    -1.03146   -0.154462    0.798162    -6.09615
       0.535    -1.03066   -0.160558    0.834055    -6.09078
       0.536    -1.02982   -0.166649    0.869907    -6.08519
       0.537    -1.02895   -0.172734    0.905716     -6.0794
       0.538    -1.02805   -0.178813    0.941482    -6.07339
       0.539    -1.02711   -0.184887    0.977202    -6.06718
        0.54    -1.02613   -0.190954     1.01288    -6.06076
       0.541    -1.02512   -0.197015      1.0485    -6.05413
       0.542    -1.02407   -0.203069     1.08408    -6.04729
       0.543    -1.02298   -0.209116     1.11961    -6.04025
       0.544    -1.02186   -0.215156     1.15509    -6.03299
       0.545    -1.02071   -0.221189     1.19051    -6.02553
       0.546    -1.01952   -0.227215     1.22589    -6.01787
       0.547    -1.01829   -0.233233      1.2612       -6.01
       0.548    -1.01703   -0.239243     1.29646    -6.00192
       0.549    -1.01574   -0.245245     1.33167    -5.99364
        0.55     -1.0144   -0.251238     1.36682    -5.98515
       0.551    -1.01304   -0.257223      1.4019    -5.97646
       0.552    -1.01163     -0.2632     1.43693    -5.96757
       0.553     -1.0102   -0.269168      1.4719    -5.95847
       0.554    -1.00873   -0.275126      1.5068    -5.94917
       0.555    -1.00722   -0.281075     1.54164    -5.93967
       0.556    -1.00568   -0.287015     1.57641    -5.92997
       0.557     -1.0041   -0.292945     1.61112    -5.92006
       0.558    -1.00249   -0.298865     1.64576    -5.90995
       0.559    -1.00084   -0.304775     1.68034    -5.89965
        0.56   -0.999164   -0.310674     1.71484    -5.88914
       0.561   -0.997449   -0.316564     1.74927    -5.87844
       0.562     -0.9957   -0.322442     1.78363    -5.86753
       0.563   -0.993916    -0.32831     1.81792    -5.85643
       0.564   -0.992098   -0.334166     1.85213    -5.84513
       0.565   -0.990246   -0.340011     1.88627    -5.83363
       0.566    -0.98836   -0.345845     1.92033    -5.82193
       0.567    -0.98644   -0.351667     1.95432    -5.81004
       0.568   -0.984485   -0.357477     1.98822    -5.79795
       0.569   -0.982497   -0.363275     2.02205    -5.78567
        0.57   -0.980475    -0.36906      2.0558    -5.77319
       0.571   -0.978419   -0.374834     2.08946    -5.76052
       0.572    -0.97633   -0.380594     2.12304    -5.74765
       0.573   -0.974207   -0.386342     2.15654     -5.7346
       0.574    -0.97205   -0.392076     2.18995    -5.72135
       0.575    -0.96986   -0.397798     2.22328     -5.7079
       0.576   -0.967637   -0.403506     2.25652    -5.69427
       0.577    -0.96538     -0.4092     2.28967    -5.68045
       0.578   -0.963091    -0.41488     2.32273    -5.66643
       0.579   -0.960768   -0.420547      2.3557    -5.65223
        0.58   -0.958412   -0.426199     2.38858    -5.63784
       0.581   -0.956024   -0.431837     2.42137    -5.62326
       0.582   -0.953602    -0.43746     2.45406    -5.60849
       0.583   -0.951148   -0.443069     2.48666    -5.59353
       0.584   -0.948662   -0.448662     2.51916    -5.57839
       0.585   -0.946142    -0.45424     2.55157    -5.56307
       0.586   -0.943591   -0.459804     2.58388    -5.54756
       0.587   -0.941007   -0.465351     2.61609    -5.53186
       0.588   -0.938391   -0.470883      2.6482    -5.51598
       0.589   -0.935743   -0.476399     2.68021    -5.49992
        0.59   -0.933062   -0.481899     2.71212    -5.48367
       0.591    -0.93035   -0.487382     2.74393    -5.46725
       0.592   -0.927606    -0.49285     2.77563    -5.45064
       0.593   -0.924831     -0.4983     2.80723    -5.43385
       0.594   -0.922024   -0.503734     2.83872    -5.41688
       0.595   -0.919185   -0.509151      2.8701    -5.39974
       0.596   -0.916315   -0.514551     2.90138    -5.38241
       0.597   -0.913413   -0.519933     2.93255    -5.36491
       0.598   -0.910481   -0.525298     2.96361    -5.34723
       0.599   -0.907517   -0.530645     2.99456    -5.32937
         0.6   -0.904523   -0.535975     3.02539    -5.31134
       0.601   -0.901497   -0.541286     3.05612    -5.29314
       0.602   -0.898441   -0.546579     3.08673    -5.27476
       0.603   -0.895354   -0.551854     3.11722     -5.2562
       0.604   -0.892237    -0.55711     3.14761    -5.23748
       0.605    -0.88909   -0.562348     3.17787    -5.21858
       0.606   -0.885912   -0.567566     3.20802    -5.19951
       0.607   -0.882704   -0.572766     3.23805    -5.18027
       0.608   -0.879466   -0.577946     3.26796    -5.16087
       0.609   -0.876198   -0.583107     3.29775    -5.14129
        0.61     -0.8729   -0.588248     3.32742    -5.12154
       0.611   -0.869573    -0.59337     3.35696    -5.10163
       0.612   -0.866216   -0.598471     3.38639    -5.08155
       0.613   -0.862829   -0.603553     3.41569    -5.06131
       0.614   -0.859413   -0.608614     3.44487     -5.0409
       0.615   -0.855969   -0.613655     3.47392    -5.02033
       0.616   -0.852495   -0.618675     3.50284    -4.99959
       0.617   -0.848992   -0.623675     3.53164    -4.97869
       0.618    -0.84546   -0.628654     3.56031    -4.95763
       0.619     -0.8419   -0.633611     3.58885    -4.93641
        0.62   -0.838311   -0.638548     3.61726    -4.91503
       0.621   -0.834694   -0.643463     3.64554    -4.89349
       0.622   -0.831048   -0.648356     3.67369    -4.87179
       0.623   -0.827375   -0.653228     3.70171    -4.84993
       0.624   -0.823673   -0.658078     3.72959    -4.82791
       0.625   -0.819943   -0.662906     3.75734    -4.80574
       0.626   -0.816186   -0.667712     3.78495    -4.78342
       0.627   -0.812401   -0.672495     3.81243    -4.76094
       0.628   -0.808589   -0.677256     3.83977    -4.73831
       0.629   -0.804749   -0.681994     3.86698    -4.71552
        0.63   -0.800882    -0.68671     3.89404    -4.69258
       0.631   -0.796988   -0.691402     3.92097    -4.66949
       0.632   -0.793067   -0.696072     3.94776    -4.64625
       0.633   -0.789119   -0.700718     3.97441    -4.62287
       0.634   -0.785145   -0.705341     4.00091    -4.59933
       0.635   -0.781144    -0.70994     4.02728    -4.57565
       0.636   -0.777116   -0.714516      4.0535    -4.55181
       0.637   -0.773063   -0.719068     4.07957    -4.52784
       0.638   -0.768983   -0.723596     4.10551    -4.50372
       0.639   -0.764878   -0.728099     4.13129    -4.47945
        0.64   -0.760747   -0.732579     4.15694    -4.45504
       0.641    -0.75659   -0.737034     4.18243    -4.43049
       0.642   -0.752407   -0.741464     4.20778     -4.4058
       0.643   -0.748199    -0.74587     4.23298    -4.38097
       0.644   -0.743966   -0.750251     4.25803      -4.356
       0.645   -0.739708   -0.754607     4.28293    -4.33089
       0.646   -0.735425   -0.758938     4.30768    -4.30564
       0.647   -0.731118   -0.763244     4.33228    -4.28025
       0.648   -0.726786   -0.767524     4.35672    -4.25473
       0.649   -0.722429   -0.771779     4.38102    -4.22907
        0.65   -0.718048   -0.776008     4.40516    -4.20328
       0.651   -0.713643   -0.780211     4.42914    -4.17736
       0.652   -0.709213   -0.784388     4.45298    -4.15131
       0.653   -0.704761    -0.78854     4.47665    -4.12512
       0.654   -0.700284   -0.792665     4.50018     -4.0988
       0.655   -0.695784   -0.796764     4.52354    -4.07235
       0.656    -0.69126   -0.800836     4.54675    -4.04578
       0.657   -0.686713   -0.804882      4.5698    -4.01908
       0.658   -0.682144   -0.808901     4.59269    -3.99225
       0.659   -0.677551   -0.812893     4.61542    -3.96529
        0.66   -0.672935   -0.816858     4.63799    -3.93821
       0.661   -0.668298   -0.820797      4.6604    -3.91101
       0.662   -0.663637   -0.824708     4.68265    -3.88368
       0.663   -0.658954   -0.828591     4.70473    -3.85624
       0.664    -0.65425   -0.832447     4.72666    -3.82867
       0.665   -0.649523   -0.836276     4.74842    -3.80098
       0.666   -0.644775   -0.840077     4.77002    -3.77317
       0.667   -0.640005    -0.84385     4.79145    -3.74525
       0.668   -0.635213   -0.847596     4.81272     -3.7172
       0.669     -0.6304   -0.851313     4.83382    -3.68904
        0.67   -0.625567   -0.855002     4.85476    -3.66077
       0.671   -0.620712   -0.858663     4.87553    -3.63238
       0.672   -0.615836   -0.862295     4.89613    -3.60388
       0.673    -0.61094   -0.865899     4.91657    -3.57527
       0.674   -0.606024   -0.869474     4.93683    -3.54655
       0.675   -0.601087   -0.873021     4.95693    -3.51771
       0.676    -0.59613   -0.876538     4.97686    -3.48877
       0.677   -0.591153   -0.880027     4.99662    -3.45972
       0.678   -0.586156   -0.883487      5.0162    -3.43056
       0.679    -0.58114   -0.886917     5.03562     -3.4013
        0.68   -0.576105   -0.890319     5.05486    -3.37193
       0.681    -0.57105   -0.893691     5.07393    -3.34245
       0.682   -0.565976   -0.897033     5.09283    -3.31288
       0.683   -0.560883   -0.900346     5.11156     -3.2832
       0.684   -0.555771   -0.903629     5.13011    -3.25342
       0.685   -0.550641   -0.906883     5.14849    -3.22354
       0.686   -0.545493   -0.910106     5.16669    -3.19356
       0.687   -0.540326     -0.9133     5.18471    -3.16349
       0.688   -0.535141   -0.916463     5.20257    -3.13331
       0.689   -0.529939   -0.919596     5.22024    -3.10304
        0.69   -0.524719     -0.9227     5.23774    -3.07268
       0.691   -0.519481   -0.925772     5.25506    -3.04222
       0.692   -0.514226   -0.928814      5.2722    -3.01167
       0.693   -0.508954   -0.931826     5.28917    -2.98103
       0.694   -0.503664   -0.934807     5.30595    -2.95029
       0.695   -0.498358   -0.937757     5.32256    -2.91947
       0.696   -0.493036   -0.940677     5.33899    -2.88856
       0.697   -0.487697   -0.943565     5.35524    -2.85756
       0.698   -0.482342   -0.946423     5.37131    -2.82647
       0.699    -0.47697   -0.949249     5.38719     -2.7953
         0.7   -0.471583   -0.952045      5.4029    -2.76404
       0.701    -0.46618   -0.954809     5.41842     -2.7327
       0.702   -0.460762   -0.957542     5.43376    -2.70128
       0.703   -0.455328   -0.960243     5.44892    -2.66977
       0.704   -0.449879   -0.962913      5.4639    -2.63819
       0.705   -0.444415   -0.965551     5.47869    -2.60652
       0.706   -0.438937   -0.968157      5.4933    -2.57478
       0.707   -0.433443   -0.970732     5.50773    -2.54296
       0.708   -0.427936   -0.973275     5.52197    -2.51107
       0.709   -0.422414   -0.975786     5.53603     -2.4791
        0.71   -0.416878   -0.978265      5.5499    -2.44705
       0.711   -0.411328   -0.980712     5.56359    -2.41493
       0.712   -0.405764   -0.983127     5.57709    -2.38275
       0.713   -0.400187    -0.98551      5.5904    -2.35048
       0.714   -0.394597    -0.98786     5.60353    -2.31815
       0.715   -0.388993   -0.990179     5.61647    -2.28576
       0.716   -0.383377   -0.992464     5.62923    -2.25329
       0.717   -0.377747   -0.994718      5.6418    -2.22076
       0.718   -0.372106   -0.996938     5.65417    -2.18816
       0.719   -0.366451   -0.999127     5.66637    -2.15549
        0.72   -0.360785    -1.00128     5.67837    -2.12277
       0.721   -0.355107     -1.0034     5.69018    -2.08998
       0.722   -0.349416    -1.00549     5.70181    -2.05713
       0.723   -0.343715    -1.00755     5.71325    -2.02422
       0.724   -0.338001    -1.00958     5.72449    -1.99125
       0.725   -0.332277    -1.01157     5.73555    -1.95822
       0.726   -0.326541    -1.01353     5.74642    -1.92514
       0.727   -0.320795    -1.01545     5.75709      -1.892
       0.728   -0.315038    -1.01734     5.76758     -1.8588
       0.729    -0.30927     -1.0192     5.77788    -1.82555
        0.73   -0.303492    -1.02103     5.78798    -1.79225
       0.731   -0.297704    -1.02282      5.7979     -1.7589
       0.732   -0.291906    -1.02458     5.80762     -1.7255
       0.733   -0.286099     -1.0263     5.81715    -1.69204
       0.734   -0.280282      -1.028     5.82649    -1.65854
       0.735   -0.274455    -1.02965     5.83564      -1.625
       0.736    -0.26862    -1.03128     5.84459     -1.5914
       0.737   -0.262775    -1.03287     5.85335    -1.55776
       0.738   -0.256922    -1.03443     5.86192    -1.52408
       0.739    -0.25106    -1.03595      5.8703    -1.49035
        0.74   -0.245189    -1.03744     5.87848    -1.45659
       0.741   -0.239311     -1.0389     5.88647    -1.42278
       0.742   -0.233424    -1.04032     5.89427    -1.38893
       0.743    -0.22753    -1.04171     5.90187    -1.35504
       0.744   -0.221628    -1.04307     5.90928    -1.32112
       0.745   -0.215719    -1.04439      5.9165    -1.28716
       0.746   -0.209803    -1.04567     5.92352    -1.25316
       0.747   -0.203879    -1.04693     5.93035    -1.21913
       0.748   -0.197949    -1.04815     5.93698    -1.18507
       0.749   -0.192012    -1.04933     5.94342    -1.15098
        0.75   -0.186068    -1.05048     5.94966    -1.11685
       0.751   -0.180119     -1.0516     5.95571     -1.0827
       0.752   -0.174163    -1.05268     5.96157    -1.04851
       0.753   -0.168201    -1.05373     5.96723     -1.0143
       0.754   -0.162234    -1.05475     5.97269   -0.980063
       0.755   -0.156261    -1.05573     5.97796     -0.9458
       0.756   -0.150283    -1.05667     5.98304   -0.911512
       0.757     -0.1443    -1.05758     5.98792   -0.877201
       0.758   -0.138313    -1.05846      5.9926   -0.842867
       0.759    -0.13232     -1.0593     5.99709   -0.808513
        0.76   -0.126323    -1.06011     6.00139   -0.774139
       0.761   -0.120321    -1.06089     6.00548   -0.739746
       0.762   -0.114316    -1.06163     6.00939   -0.705335
       0.763   -0.108307    -1.06233     6.01309   -0.670907
       0.764   -0.102293      -1.063     6.01661   -0.636464
       0.765  -0.0962769    -1.06364     6.01992   -0.602006
       0.766  -0.0902569    -1.06424     6.02304   -0.567535
       0.767  -0.0842339    -1.06481     6.02597   -0.533051
       0.768  -0.0782079    -1.06534      6.0287   -0.498556
       0.769  -0.0721792    -1.06584     6.03123   -0.464051
        0.77   -0.066148     -1.0663     6.03357   -0.429537
       0.771  -0.0601144    -1.06673     6.03571   -0.395015
       0.772  -0.0540787    -1.06713     6.03765   -0.360486
       0.773  -0.0480411    -1.06749      6.0394   -0.325952
       0.774  -0.0420017    -1.06781     6.04096   -0.291412
       0.775  -0.0359607    -1.06811     6.04232   -0.256869
       0.776  -0.0299184    -1.06836     6.04348   -0.222324
       0.777  -0.0238749    -1.06858     6.04445   -0.187776
       0.778  -0.0178305    -1.06877     6.04522   -0.153229
       0.779  -0.0117853    -1.06893      6.0458   -0.118682
        0.78 -0.00573947    -1.06904     6.04618   -0.084137
       0.781  0.00030671    -1.06913     6.04636  -0.0495948
       0.782  0.00635307    -1.06918     6.04635  -0.0150566
       0.783   0.0123994    -1.06919     6.04615   0.0194766
       0.784   0.0184456    -1.06917     6.04575   0.0540037
       0.785   0.0244913    -1.06912     6.04515   0.0885235
       0.786   0.0305365    -1.06903     6.04436    0.123035
       0.787   0.0365808    -1.06891     6.04337    0.157537
       0.788   0.0426242    -1.06875     6.04219    0.192029
       0.789   0.0486664    -1.06856     6.04082     0.22651
        0.79   0.0547072    -1.06833     6.03925    0.260977
       0.791   0.0607465    -1.06807     6.03748    0.295432
       0.792   0.0667839    -1.06778     6.03553    0.329871
       0.793   0.0728195    -1.06745     6.03337    0.364295
       0.794   0.0788528    -1.06708     6.03103    0.398701
       0.795   0.0848839    -1.06668     6.02848     0.43309
       0.796   0.0909124    -1.06625     6.02575     0.46746
       0.797   0.0969381    -1.06578     6.02282     0.50181
       0.798    0.102961    -1.06528      6.0197    0.536138
       0.799    0.108981    -1.06474     6.01638    0.570445
         0.8    0.114997    -1.06417     6.01287    0.604728
       0.801     0.12101    -1.06357     6.00917    0.638986
       0.802    0.127019    -1.06293     6.00528     0.67322
       0.803    0.133024    -1.06226     6.00119    0.707427
       0.804    0.139026    -1.06155     5.99691    0.741606
       0.805    0.145022    -1.06081     5.99244    0.775757
       0.806    0.151015    -1.06003     5.98777    0.809878
       0.807    0.157003    -1.05922     5.98291    0.843968
       0.808    0.162986    -1.05838     5.97787    0.878027
       0.809    0.168963     -1.0575     5.97263    0.912053
        0.81    0.174936    -1.05659      5.9672    0.946045
       0.811    0.180903    -1.05564     5.96157    0.980002
       0.812    0.186865    -1.05466     5.95576     1.01392
       0.813    0.192821    -1.05365     5.94976     1.04781
       0.814     0.19877     -1.0526     5.94356     1.08165
       0.815    0.204714    -1.05152     5.93718     1.11546
       0.816    0.210651     -1.0504      5.9306     1.14923
       0.817    0.216582    -1.04925     5.92384     1.18295
       0.818    0.222506    -1.04807     5.91689     1.21664
       0.819    0.228422    -1.04685     5.90975     1.25028
        0.82    0.234332     -1.0456     5.90242     1.28387
       0.821    0.240235    -1.04432      5.8949     1.31742
       0.822    0.246129      -1.043     5.88719     1.35093
       0.823    0.252017    -1.04165     5.87929     1.38439
       0.824    0.257896    -1.04027     5.87121     1.41779
       0.825    0.263767    -1.03885     5.86294     1.45115
       0.826     0.26963     -1.0374     5.85448     1.48446
       0.827    0.275485    -1.03591     5.84584     1.51772
       0.828     0.28133     -1.0344     5.83701     1.55092
       0.829    0.287167    -1.03285     5.82799     1.58407
        0.83    0.292995    -1.03126     5.81879     1.61717
       0.831    0.298814    -1.02964      5.8094     1.65021
       0.832    0.304624    -1.02799     5.79983      1.6832
       0.833    0.310423    -1.02631     5.79008     1.71612
       0.834    0.316214    -1.02459     5.78013     1.74899
       0.835    0.321994    -1.02285     5.77001      1.7818
       0.836    0.327764    -1.02106      5.7597     1.81455
       0.837    0.333523    -1.01925     5.74921     1.84723
       0.838    0.339273     -1.0174     5.73853     1.87986
       0.839    0.345011    -1.01552     5.72767     1.91242
        0.84    0.350739    -1.01361     5.71663     1.94491
       0.841    0.356455    -1.01166     5.70541     1.97734
       0.842    0.362161    -1.00969     5.69401     2.00971
       0.843    0.367855    -1.00768     5.68243       2.042
       0.844    0.373537    -1.00564     5.67066     2.07423
       0.845    0.379208    -1.00356     5.65872     2.10639
       0.846    0.384867    -1.00146     5.64659     2.13847
       0.847    0.390513   -0.999317     5.63429     2.17049
       0.848    0.396148   -0.997146     5.62181     2.20243
       0.849    0.401769   -0.994944     5.60914      2.2343
        0.85    0.407378    -0.99271      5.5963     2.26609
       0.851    0.412975   -0.990443     5.58329     2.29781
       0.852    0.418558   -0.988146     5.57009     2.32946
       0.853    0.424128   -0.985816     5.55672     2.36102
       0.854    0.429685   -0.983455     5.54318     2.39251
       0.855    0.435228   -0.981063     5.52945     2.42392
       0.856    0.440758   -0.978639     5.51556     2.45525
       0.857    0.446273   -0.976183     5.50148     2.48649
       0.858    0.451775   -0.973697     5.48724     2.51766
       0.859    0.457262   -0.971179     5.47282     2.54874
        0.86    0.462735   -0.968631     5.45822     2.57974
       0.861    0.468193   -0.966051     5.44345     2.61065
       0.862    0.473636    -0.96344     5.42851     2.64147
       0.863    0.479065   -0.960799      5.4134     2.67221
       0.864    0.484478   -0.958127     5.39812     2.70287
       0.865    0.489876   -0.955424     5.38266     2.73343
       0.866    0.495259    -0.95269     5.36704      2.7639
       0.867    0.500626   -0.949926     5.35125     2.79428
       0.868    0.505977   -0.947132     5.33528     2.82458
       0.869    0.511313   -0.944307     5.31915     2.85477
        0.87    0.516632   -0.941453     5.30285     2.88488
       0.871    0.521935   -0.938568     5.28638     2.91489
       0.872    0.527221   -0.935653     5.26974     2.94481
       0.873    0.532491   -0.932708     5.25294     2.97462
       0.874    0.537744   -0.929733     5.23597     3.00435
       0.875     0.54298   -0.926729     5.21884     3.03397
       0.876    0.548198   -0.923695     5.20154      3.0635
       0.877      0.5534   -0.920632     5.18407     3.09292
       0.878    0.558584   -0.917539     5.16645     3.12225
       0.879     0.56375   -0.914416     5.14866     3.15147
        0.88    0.568899   -0.911265      5.1307     3.18059
       0.881     0.57403   -0.908084     5.11259     3.20961
       0.882    0.579142   -0.904875     5.09431     3.23853
       0.883    0.584237   -0.901636     5.07587     3.26733
       0.884    0.589313   -0.898369     5.05727     3.29604
       0.885     0.59437   -0.895073     5.03851     3.32463
       0.886    0.599408   -0.891748      5.0196     3.35312
       0.887    0.604428   -0.888395     5.00052      3.3815
       0.888    0.609428   -0.885014     4.98129     3.40977
       0.889     0.61441   -0.881604     4.96189     3.43793
        0.89    0.619372   -0.878166     4.94235     3.46598
       0.891    0.624314     -0.8747     4.92264     3.49392
       0.892    0.629237   -0.871206     4.90278     3.52174
       0.893    0.634139   -0.867684     4.88277     3.54945
       0.894    0.639022   -0.864135      4.8626     3.57705
       0.895    0.643885   -0.860558     4.84228     3.60453
       0.896    0.648727   -0.856953     4.82181     3.63189
       0.897    0.653549   -0.853321     4.80118     3.65914
       0.898     0.65835   -0.849662      4.7804     3.68627
       0.899     0.66313   -0.845976     4.75947     3.71328
         0.9     0.66789   -0.842263     4.73839     3.74017
       0.901    0.672628   -0.838523     4.71716     3.76694
       0.902    0.677346   -0.834756     4.69579     3.79359
       0.903    0.682041   -0.830962     4.67426     3.82012
       0.904    0.686716   -0.827142     4.65259     3.84652
       0.905    0.691368   -0.823295     4.63077      3.8728
       0.906    0.695999   -0.819423      4.6088     3.89896
       0.907    0.700608   -0.815524     4.58669     3.92499
       0.908    0.705194   -0.811599     4.56444      3.9509
       0.909    0.709759   -0.807648     4.54204     3.97668
        0.91    0.714301   -0.803671      4.5195     4.00233
       0.911     0.71882   -0.799669     4.49681     4.02785
       0.912    0.723317   -0.795641     4.47398     4.05325
       0.913    0.727791   -0.791588     4.45102     4.07851
       0.914    0.732242   -0.787509     4.42791     4.10365
       0.915     0.73667   -0.783405     4.40466     4.12865
       0.916    0.741075   -0.779277     4.38127     4.15352
       0.917    0.745456   -0.775123     4.35775     4.17826
       0.918    0.749814   -0.770945     4.33409     4.20286
       0.919    0.754148   -0.766742     4.31029     4.22733
        0.92    0.758458   -0.762515     4.28635     4.25166
       0.921    0.762745   -0.758263     4.26228     4.27586
       0.922    0.767007   -0.753987     4.23808     4.29992
       0.923    0.771245   -0.749687     4.21374     4.32385
       0.924    0.775459   -0.745364     4.18927     4.34763
       0.925    0.779648   -0.741016     4.16467     4.37128
       0.926    0.783813   -0.736645     4.13994     4.39479
       0.927    0.787952    -0.73225     4.11507     4.41816
       0.928    0.792068   -0.727832     4.09008     4.44138
       0.929    0.796158    -0.72339     4.06496     4.46447
        0.93    0.800223   -0.718926     4.03971     4.48741
       0.931    0.804262   -0.714438     4.01433     4.51021
       0.932    0.808277   -0.709928     3.98882     4.53287
       0.933    0.812265   -0.705395      3.9632     4.55538
       0.934    0.816229    -0.70084     3.93744     4.57774
       0.935    0.820166   -0.696262     3.91156     4.59996
       0.936    0.824078   -0.691662     3.88556     4.62204
       0.937    0.827963    -0.68704     3.85944     4.64396
       0.938    0.831823   -0.682396     3.83319     4.66574
       0.939    0.835656   -0.677731     3.80682     4.68737
        0.94    0.839463   -0.673043     3.78034     4.70885
       0.941    0.843243   -0.668334     3.75373     4.73019
       0.942    0.846997   -0.663604     3.72701     4.75137
       0.943    0.850724   -0.658853     3.70016      4.7724
       0.944    0.854424    -0.65408     3.67321     4.79327
       0.945    0.858097   -0.649287     3.64613       4.814
       0.946    0.861743   -0.644473     3.61894     4.83457
       0.947    0.865362   -0.639638     3.59164     4.85499
       0.948    0.868954   -0.634783     3.56423     4.87526
       0.949    0.872518   -0.629908      3.5367     4.89537
        0.95    0.876055   -0.625013     3.50906     4.91532
       0.951    0.879564   -0.620098     3.48131     4.93512
       0.952    0.883045   -0.615162     3.45345     4.95476
       0.953    0.886499   -0.610208     3.42548     4.97424
       0.954    0.889924   -0.605233      3.3974     4.99357
       0.955    0.893321    -0.60024     3.36922     5.01274
       0.956    0.896691   -0.595227     3.34093     5.03174
       0.957    0.900032   -0.590195     3.31253     5.05059
       0.958    0.903344   -0.585145     3.28404     5.06928
       0.959    0.906628   -0.580076     3.25543     5.08781
        0.96    0.909884   -0.574988     3.22673     5.10618
       0.961     0.91311   -0.569882     3.19792     5.12438
       0.962    0.916308   -0.564757     3.16901     5.14242
       0.963    0.919477   -0.559615        3.14      5.1603
       0.964    0.922617   -0.554454      3.1109     5.17802
       0.965    0.925728   -0.549276     3.08169     5.19557
       0.966     0.92881   -0.544081     3.05239     5.21295
       0.967    0.931862   -0.538868     3.02299     5.23017
       0.968    0.934885   -0.533638      2.9935     5.24723
       0.969    0.937879    -0.52839     2.96391     5.26412
        0.97    0.940843   -0.523126     2.93423     5.28084
       0.971    0.943777   -0.517846     2.90445      5.2974
       0.972    0.946681   -0.512548     2.87459     5.31378
       0.973    0.949556   -0.507234     2.84463        5.33
       0.974    0.952401   -0.501904     2.81459     5.34605
       0.975    0.955215   -0.496558     2.78445     5.36193
       0.976       0.958   -0.491196     2.75423     5.37764
       0.977    0.960754   -0.485819     2.72392     5.39318
       0.978    0.963478   -0.480426     2.69352     5.40855
       0.979    0.966171   -0.475017     2.66304     5.42375
        0.98    0.968834   -0.469593     2.63248     5.43878
       0.981    0.971467   -0.464154     2.60183     5.45363
       0.982    0.974069   -0.458701      2.5711     5.46832
       0.983     0.97664   -0.453232     2.54029     5.48283
       0.984     0.97918    -0.44775      2.5094     5.49716
       0.985    0.981689   -0.442253     2.47843     5.51132
       0.986    0.984168   -0.436741     2.44738     5.52531
       0.987    0.986615   -0.431216     2.41626     5.53912
       0.988    0.989031   -0.425677     2.38505     5.55276
       0.989    0.991417   -0.420124     2.35378     5.56622
        0.99     0.99377   -0.414558     2.32242     5.57951
       0.991    0.996093   -0.408978       2.291     5.59262
       0.992    0.998384   -0.403386      2.2595     5.60555
       0.993     1.00064    -0.39778     2.22793      5.6183
       0.994     1.00287   -0.392162     2.19629     5.63088
       0.995     1.00507   -0.386531     2.16459     5.64328
       0.996     1.00723   -0.380888     2.13281      5.6555
       0.997     1.00936   -0.375232     2.10096     5.66754
       0.998     1.01147   -0.369565     2.06905     5.67941
       0.999     1.01353   -0.363885     2.03708     5.69109
           1     1.01557   -0.358194     2.00504     5.70259
